% time     seconds  usecs/call     calls    errors syscall
------ ----------- ----------- --------- --------- ----------------
 16,33    0,003549          19       184           mmap
 10,92    0,002373           6       377         3 openat
 10,76    0,002339           5       413           read
 10,53    0,002289           8       267       200 recvmsg
  8,75    0,001901          10       180         1 poll
  8,02    0,001743           3       462        28 access
  7,61    0,001655           5       319        10 newfstatat
  7,27    0,001580           4       374           close
  4,73    0,001027          25        40           mprotect
  4,32    0,000938          16        58           writev
  2,21    0,000481           4       113           getrandom
  2,15    0,000468           2       178        86 readlink
  2,15    0,000467           3       144           fstatfs
  0,82    0,000179           3        57           fadvise64
  0,77    0,000167          55         3           recvfrom
  0,58    0,000125          31         4           munmap
  0,35    0,000076           8         9           brk
  0,31    0,000067          16         4           pread64
  0,21    0,000045           9         5           fcntl
  0,19    0,000042          10         4           getdents64
  0,15    0,000033           8         4           uname
  0,14    0,000031          15         2           socket
  0,14    0,000031          15         2           connect
  0,09    0,000020          20         1           sysinfo
  0,08    0,000017          17         1           getpeername
  0,08    0,000017          17         1           prlimit64
  0,07    0,000016          16         1           getsockname
  0,07    0,000015           7         2         1 arch_prctl
  0,07    0,000015          15         1           set_tid_address
  0,06    0,000014          14         1           set_robust_list
  0,06    0,000014          14         1           rseq
  0,00    0,000000           0         9           write
  0,00    0,000000           0         1           lseek
  0,00    0,000000           0         2           getpid
  0,00    0,000000           0         1           getsockopt
  0,00    0,000000           0         1           execve
------ ----------- ----------- --------- --------- ----------------
100,00    0,021734           6      3226       329 total
